000000000111111111222222222333333333444444444555555555 1 0 arriba
000000000111111111333333333222222222555555555444444444 1 0 abajo
000000000111111111444444444555555555333333333222222222 1 0 izquierda
000000000111111111555555555444444444222222222333333333 1 0 derecha
000000111111111000222222222333333333444444555555555444 2 0 giraizquierda
000000111112112201333333330522422552455155554444444320 92 0 izquierda
000000202111111550333333333222124125555555420444444421 71 0 izquierda
000000444111111555222222222333333333444444111555555000 1 0 giraizquierda
000000555111111444222222222333333333444444000555555111 1 0 giraderecha
000111000111000111222222222333333333444555444555444555 2 1 giraizquierda
000112112144300300222222400133133533344555555552144144 3 2 giraizquierda
000144144144555555222222400333333115344112112552300300 5 0 derecha
000200554111111221333333332555422002455551301444444220 125 0 izquierda
000244244111553553222222555334334334244111111553000000 24 2 giraarriba
000444000111555111222222222333333333444111444555000555 1 1 giraizquierda
000444111111555000333333333222222222555000444444111555 10 0 abajo
000444444111555555222222222333333333444111111555000000 1 2 giraderecha
000444444155155155222222411500333333344311311552002002 3 0 derecha
000444555111555444222222222333333333444111000555000111 3 2 giraderecha
000544141550552451335333335224224224342000203411111510 41 2 giraizquierda
000555000111444111222222222333333333444000444555111555 2 0 giraizquierda
000555111111444000222222222333333333444000555555111444 20 0 izquierda
000555444111444555222222222333333333444000111555111000 2 1 giraderecha
000555555111444444222115222333004333424020020535131131 5 0 izquierda
000555555111444444222222222333333333444000000555111111 1 2 giraizquierda
001544010554552002433333331225224223245400104311111455 28 2 giraizquierda
002002442311311355122122522433033033444444111550550550 2 0 giraarriba
002002550311311111122122522333333400444444442550550355 3 0 giraderecha
002550442311444355122122522433033033444002111550311550 49 0 derecha
003003003211211211022022022133133133444444444555555555 1 0 giraabajo
003444441550553455154333335222222221343000002411111510 38 0 giraizquierda
003444510550553002154333335221222222343000441411111455 37 2 giraabajo
003553003211244211022522022133433133444000444515515515 10 0 giraabajo
004333333122122522055200200311311111442444444355555500 4 0 abajo
004333333511222222055113055444002111202054054343541541 51 0 abajo
005002022211011255144544444422555515333333033300422111 145 0 arriba
010515535104104124343541541450450202225221221433033033 37 0 abajo
011344410504552002334333051225224223243400101553111455 31 2 giraarriba
011444510401555000334333234223222222343000541551111455 34 2 giraderecha
014444444555552552152222221335333333344111111200000000 4 2 giraabajo
014455331345541253125402522010410355102333431200022414 233 2 giraarriba
014455414345541431125402522005115043102333331200022253 234 0 giraderecha
014455414452341221123404325105115043025333331200020255 247 2 giraarriba
015021421432032531342312355244203553044044211000555311 15 2 giraabajo
020020424131131535212212252343303303444444111555555000 2 1 giraarriba
020424424131535535212252252343343303444111111555000000 2 1 giraarriba
020505505134114114353551501440440242225221221433033033 29 2 giraarriba
020555000131444111212212252333400333444020424555131535 8 0 izquierda
022000000203311311145125125033233233122444444554555415 131 0 giraarriba
022002000103111111045025225233333333122444444455155554 130 2 giraizquierda
022444444103155554045025225332333333122111111455002000 128 0 arriba
025333331200020255345202143011410355452341221014455414 250 0 izquierda
030030434121121525242202202313313353444444111555555000 2 1 giraabajo
030434030121525121202242202313353313444111444555000555 2 1 giraabajo
033033533221221224113113443552002002555555111440440440 23 0 abajo
033333332203024310115115525452402100122255415441445400 166 0 abajo
041041041051051051514514514405405405333333333222222222 7 0 arriba
044044044111555555005005222333114114422122122335330330 6 0 derecha
050010414141101505232232232323323323444444111555555000 3 1 giraabajo
053013443242202551432032535124123513044044211051051053 17 0 arriba
055000444142112551222222515334333333044044211113555000 4 2 giraabajo
100100100110110110223223223332332332444444444555555555 2 2 giraabajo
100244444515553553224222151334334332342111110552000000 10 2 giraarriba
100444444510555551224222324332333333242111511551000000 13 2 giraderecha
104104124010515535145145343202054054433033033225221221 41 0 arriba
104344310555552002054333333225224221002404104311111455 24 2 giraizquierda
104444510554553003053333331225222222244000041311111455 25 2 giraabajo
105155353440440242134114114505505020222222115333333400 30 0 arriba
110544144555553553422222221334334332345111114200000000 7 2 giraizquierda
111000000000111111222222222333333333555444444444555555 2 2 giraizquierda
111111021400400200333333255544221204344344322551552550 62 0 derecha
111111111000000000222222222333333333555555555444444444 1 0 arriba
111111111000000000333333333222222222444444444555555555 1 0 arriba
111111111000000000444444444555555555222222222333333333 1 0 abajo
111111111000000000555555555444444444333333333222222222 1 0 izquierda
111111200001002550333333332225122440444444204555555321 80 0 izquierda
111111202500100000333333155444222125344344350552552442 50 0 derecha
111111222000200425333333333141220455444444250555551002 112 0 derecha
111111321200000421333333055244224214344344200555552550 65 0 giraarriba
111111331500500022444444244355555500222222115330330334 10 0 abajo
111111352000200522333333255015224124344344100554550442 55 0 giraarriba
111111420200200255333333033100422211444444302555555425 103 0 giraarriba
111111550000000202333333333521421222444444421555555420 69 0 derecha
111111555000000444222222222333333333555555000444444111 1 0 giraizquierda
111112204300300100233133155544122025344344350455455222 53 0 giraabajo
111112350300300222233133155015224524344344100455455204 54 0 giraizquierda
111200444055113055333333400511222222244055200553444113 52 0 abajo
111344305402552112333333051220224024544500500552111344 7 2 giraarriba
111344310100552002333333455225224224344400100552111455 19 2 giraarriba
111344311400552002333333055221224224344400400552111555 3 2 giraderecha
111344341200552451333333055224224224344000200555111510 44 2 giraarriba
111344355102552342333333451024224224544100000552111005 12 2 giraderecha
111444000000555111222222222333333333555111444444000555 4 0 derecha
111444131000555020333400333212212252424020444535131555 14 0 arriba
111444444000555555222222222333333333555111111444000000 1 2 giraizquierda
111444444000555555222511222333400333535131131424020020 3 0 izquierda
111444510000555004333333333222222222444000141555111455 22 2 giraderecha
111555555000444444222222222333333333555000000444111111 1 2 giraderecha
112002002300311311022122122033033133555444444455455455 3 0 giraarriba
112112025300300200133133155444421204344344322555555021 63 0 giraabajo
112112112300300300022022022133133133555555555444444444 8 1 giraabajo
112112322300300021133133155244024414344344200555555025 64 0 giraizquierda
112114421300300055033133133200222211444444302455255555 102 0 giraizquierda
112114555300300302033133133021021222444444421455255055 101 0 giraabajo
112444444551552553054222225331333333242111511400000000 18 2 giraabajo
113113443200200255033033533422122122444444000551551551 12 0 arriba
113555000044044211522122522433333333055000444142112551 5 0 derecha
114155201344544253125405523010410225133333430200022514 237 0 giraizquierda
114155214454344220125405323103114045133333520200020255 243 2 giraabajo
114155514344544430125405523005112042133333201200022253 236 2 giraarriba
114222222500333333155155155444444000333114114222500500 8 0 izquierda
114244244555553553155222222334334330113114114200000000 3 2 giraizquierda
120120120130130130302302302213213213555555555444444444 6 0 giraarriba
121121525030030434202202242353313313555555000444444111 6 0 izquierda
122122122330330330002002002113113113555555555444444444 1 2 giraabajo
122122522004333333002002550111113113355555500442444444 8 0 arriba
122122555330330444002002002111111333555555330444444122 4 0 giraizquierda
125105303430410212154154104545545040222222115333333400 33 1 giraabajo
131020424020131535252212212343303303555444111444555000 4 2 giraderecha
131333130200022314405202145440211515343544252314555200 220 0 arriba
131444111020555000252212212333004333555131535444020424 6 0 izquierda
133111111220005005005555553442444444433033033511222222 18 0 izquierda
140140140150150150504504504415415415222222222333333333 13 0 izquierda
143120120333333330522002000115115202515555224144544444 143 0 arriba
144244020553553250334334334105425215002000223111111425 106 2 giraabajo
144244425553553223334334334555021142002000020111111250 107 0 giraderecha
144555555000144144004222222511333333552300300344112112 9 0 izquierda
145145343450450202104104124535515010222222115333333400 34 1 giraabajo
145145400450450115104104124550311550222222343333333202 35 0 giraderecha
150140452522153243303422304135335032154014010421402515 192 2 giraarriba
150402515240211500303422114133333130254540552424150243 195 0 derecha
152152052321443443402020043335331034525005022144511511 159 2 giraarriba
154140452421153243324020343135335032522014010150402515 193 2 giraizquierda
155155155000444444114222222333333005552002002344311311 29 0 izquierda
200020255025333331341202543553014110014455414452341221 248 0 derecha
200020255133333520341202355345014110114155214454344220 244 0 derecha
200020255531233033341202044211014110314555514453344225 241 0 giraabajo
200022031131333314541202243440211352514055255345541400 225 0 giraizquierda
200022253231033133541202044511014010314555514345542432 240 0 derecha
200022255131333400541202243324514210514055314345541031 226 0 giraizquierda
200022400131333255541202243012415423514055031345541314 224 0 izquierda
200200244113113553221221225334330330144144144555555000 2 2 giraarriba
200200255113113443335330330221221224551551551444444000 20 0 izquierda
200244244113553553221225225334334330114114114555000000 2 2 giraarriba
200444444344552552221225122335333333014111111555000000 5 2 giraderecha
200444444514552551224222151335333333210411311552000000 9 2 giraderecha
200544144345553553224222122334334332110111114555000000 6 2 giraarriba
202002000522511511021021341033333333554444444451152552 134 0 giraabajo
202511511522002000021021341333333330554152552451444444 142 0 izquierda
203000000022311311521521541033233233554444444122555415 133 2 giraderecha
203510510322302300521021041133133230554152552144544444 153 0 giraarriba
210444444552552551421225221335333333514411311200000000 8 2 giraabajo
214255514345545433125401521004114040331330132200022253 235 2 giraarriba
220005005133111111355555500444444244511222222433033033 26 0 izquierda
221221224033033533344311311200200255440440440555555111 11 0 derecha
222222115333333400444311111055200055440440242105155353 31 0 izquierda
222222222333333333000000000111111111555555555444444444 1 0 izquierda
222222222333333333111111111000000000444444444555555555 1 0 arriba
222222222333333333444000555444111555150150150140140140 14 0 izquierda
222222222333333333444444444555555555000000000111111111 1 0 izquierda
222222222333333333555555555444444444111111111000000000 1 0 arriba
222500500333114114111555555440440440114222222500333333 7 0 arriba
225221221433033033311444355244055200104104124010515535 60 0 arriba
240050315541543500411224004135331134324505220253211243 201 2 giraderecha
240050343540543351411224002132331134524105520253211504 204 2 giraarriba
240211500150402515411224303031333331424150243254540552 197 0 izquierda
242444444551555551424222223332333333510111511100000000 12 2 giraabajo
243344410553552002431335330225224223504400101011111455 32 2 giraizquierda
244244244553553553225225225334334334111111111000000000 25 2 giraizquierda
250540100523152515304421301031333332440511244421402552 186 2 giraizquierda
250540552523152244304421301132333033440511100421402515 187 0 giraderecha
252002300523513512015421301031334334441445400421152552 170 2 giraarriba
252040300523153512025421301031335334441415410421402552 177 2 giraizquierda
252200200345111111424022022333333335110440440144555555 11 2 giraarriba
252212212333400333131444111000555020404224404515533515 9 0 arriba
254540552424150243324021341131333033240211500150402515 194 2 giraabajo
300300300112112112220220220331331331444444444555555555 1 2 giraabajo
300300344112112552224220220331331335441441441555555000 2 2 giraabajo
300344112112552300220224220133533133414414555555000414 4 0 giraizquierda
300344300112552112220224220331335331414414414555000555 2 2 giraabajo
300344414112552555220224220333333151414414112555000300 3 0 giraizquierda
300344555112552414220224220151333333414414300555000112 9 0 giraderecha
301444510553553001430335330224222222504400241311111455 29 2 giraabajo
311311111002002550225221221004333333550550355444444442 7 0 izquierda
311311311002002002221221221330330330555555555444444444 1 2 giraabajo
311344310002552002330335334225224221104404104555111455 23 2 giraarriba
311444355002550442225221221330330334550311550444002111 43 0 arriba
311444510244553003330335133225222222104000041554111455 26 2 giraderecha
311444510504553001334333050224222222301400241553111455 30 2 giraderecha
311544010245552002334333133225224223001400104554111455 27 2 giraarriba
312244144554554551051223223334332335115111242400000000 16 2 giraarriba
314555200343544252124400525015411425131333130200022314 229 2 giraabajo
314555314343544130124400525515112044131333200200022252 230 0 giraderecha
314555514345542432124404520005111041231033133200022253 239 2 giraarriba
314555514453344225124404320102111041531233033200020255 242 0 izquierda
315321421432032535344310350242202551441441002000555311 16 2 giraabajo
321152052152443443340020204335331034144005022525511511 161 2 giraizquierda
322152552452440443140120004331333033144202500552511511 156 0 izquierda
322322322332332332001001001110110110555555555444444444 2 2 giraabajo
324050315253543500144120420135331134541505220240211243 200 2 giraarriba
325233531201020255340200145013413350234245112014455414 251 2 giraarriba
330330334122122522244055200311444355421401401535515010 62 0 arriba
330333231304421301255045052523152244010410451544102521 188 0 abajo
333004333212212252000555020131444111404422404515335515 11 0 abajo
333114114222500500555555111044044044500333333114222222 9 0 izquierda
333333233045025225444444220103155554211211111004005025 127 0 arriba
333333330143120120000200225202511511144544444515555224 137 0 abajo
333333333222222222000000000111111111444444444555555555 1 0 abajo
333333333222222222000444111000555111514514514504504504 5 0 abajo
333333333222222222111111111000000000555555555444444444 1 0 arriba
333333333222222222111555000111444000405405405415415415 9 0 izquierda
333333333222222222444111555444000555051051051041041041 18 0 arriba
333333333222222222444444444555555555111111111000000000 1 0 abajo
333333333222222222555000444555111444140140140150150150 12 0 arriba
333333333222222222555555555444444444000000000111111111 1 0 abajo
333333400222222115111200444550311550145145343450450202 39 0 derecha
333333433222222515444000550142112551441441002051051053 7 0 abajo
335330330422122122200200255344311311044044044111555555 13 0 arriba
342244444552553553421225221334334332515111110100000000 11 2 giraizquierda
343444510551555000434333332223222222401000541011111455 33 2 giraabajo
343544252314555200525004421524114510200022314131333130 221 0 izquierda
344112112552300300220220224133133533144555555000144144 4 2 giraizquierda
344311311552002002221221224335330330155155155000444444 2 2 giraabajo
344344100554550442335335332120221445000200522111111352 56 0 izquierda
344344200555552550335335330222124444200000421111111321 66 0 izquierda
344344310552552002335335334225224224100400100111111455 20 2 giraizquierda
344344311552552002335335330221224224400400400111111555 2 2 giraarriba
344344321555552421335335330244224214200000200111111550 67 0 giraderecha
344344322551552550335335332225024414400400200111111021 61 2 giraarriba
344344341555552451335335330224224224200000200111111510 45 2 giraizquierda
344344350552552442335335331124224524500100000111111202 49 2 giraarriba
344344352554550522335335332015224124000200100111111442 57 0 giraderecha
345541255514055400225404321324514210200022314131333031 222 0 giraabajo
345541314514055031225404321253112044200022400131333255 223 0 giraizquierda
355355011442442202334334331521421554511511422000000320 95 2 giraarriba
355355320442442422334334331114225545511511011000000202 96 0 giraderecha
400244444512553553220225321334334331512114112551000000 14 2 giraarriba
400444441555553455331335330220222221203400302411111510 42 2 giraabajo
400444444112552555222222550331333333411411211553000000 23 2 giraderecha
400444444242552553220225524331333333112111511551000000 19 2 giraderecha
400544044241553553222222523334334334511111112551000000 20 2 giraarriba
411344410403552002331335230225224220503404103551111455 35 2 giraarriba
411444005103553510333333451222222022400400455552111341 16 0 giraderecha
411444005403553111333333051222222022400400555552111344 6 0 giraizquierda
411444111403553005333333051220222222400400344552111555 4 2 giraabajo
411444341103553455333333451222222220400400005552111510 17 0 giraderecha
411444344403553555333333051222222220400400005552111111 5 0 giraizquierda
411444441203553455333333051220222221400400302555111510 43 2 giraderecha
411444441343553455331335534222222221003000002550111510 39 2 giraderecha
411444444553552555220225225331333333112411211400000000 22 2 giraabajo
411444455103553341333333451022222222400400510552111005 13 2 giraabajo
411444510103553005333333451220222222400400341552111455 14 0 giraizquierda
411544141342552451333333535224224224000000203550111510 40 2 giraarriba
413220002031333131440211515405202145252445343002555413 218 0 arriba
415415415405405405051051051140140140333333333222222222 8 0 arriba
421002300441513512340021115031334334252445400523152552 171 2 giraderecha
421040300441153512340022115031335334252415410523402552 176 2 giraarriba
421152552150440444340021203332333033452402100525511511 162 2 giraabajo
421402100440511515343020114031333332250540244523152552 172 2 giraabajo
421402515440511100343020114233333130250540552523152244 190 0 derecha
421402552150411444340022203332333033452540100525151511 179 0 derecha
421540100440152515343020114031333332250511244523402552 175 0 giraderecha
421540244440152552343020114330333231250511515523402100 174 0 izquierda
422122122335330330552002002113113443111555555044044044 5 0 arriba
424020020535131131252212212303303343111444444000555555 2 1 giraarriba
424150243252540350143120425133333131050402515240211504 206 2 giraabajo
424150243254540552143120423330333131150402515240211500 198 0 izquierda
424150515254540500143120423133333130150402552240211243 199 0 giraizquierda
433033033225221221553444113002550442010515535104104124 42 0 izquierda
433033033511222222553055055444444442220005005133111111 25 0 izquierda
434030030525121121202202242353313313111444444000555555 2 1 giraabajo
434331331525022012212212141350300300311555555002444444 3 1 giraabajo
434331444525022555212212141000500333311555331002444012 4 0 giraderecha
440150243541544352413220002130333131450202515253211504 203 0 giraderecha
440150515541544504413220002131333130450202352253211243 202 2 giraabajo
440211515541202504413220002131333130450150352253544243 213 0 derecha
440440440555555111411411333222500500033033533221221224 10 0 abajo
442442202355355011133433433455124125000000320511511422 87 0 giraizquierda
442442422355355320133433433545522411000000202511511011 86 0 giraabajo
442442442355355355522522522433433433111111111000000000 1 0 giraarriba
442444444355555500500500022133111111122122522004333333 9 0 derecha
443003003255211211022022422533133133111444444550550550 2 0 giraabajo
444000000555111111222222222333333333111444444000555555 1 2 giraizquierda
444000111555111000222222222333333333111444555000555444 2 1 giraderecha
444000444555111555222222222333333333111444111000555000 1 1 giraderecha
444000555555111444222222222333333333111444000000555111 3 1 giraizquierda
444002111550311550222222115004333333311444355002550442 44 0 derecha
444020424555131535222115222343303303131444111020555000 5 2 giraderecha
444111000555000111222222222333333333111555444000444555 2 1 giraizquierda
444111111555000000222222222333333333111555555000444444 1 2 giraderecha
444111555555000444333333333222222222000444111111555000 11 0 derecha
444311311555002002222222111330330330311555555002444444 2 2 giraderecha
444444000551551551333333005114222222200200255113113443 17 0 izquierda
444444000555555111222222222333333333111111444000000555 1 0 giraderecha
444444002555551250333333333105425124000200222111111425 109 0 giraizquierda
444444005551555110333333335222222022200000455111111344 9 2 giraabajo
444444021555555442333333333120221204000000522111111552 59 0 giraizquierda
444444111055051420333333233145225555000200222114115302 120 0 giraizquierda
444444111455155201333333033522422552000000554112112320 90 0 giraderecha
444444111555555000222222222333333333111111555000000444 1 0 giraizquierda
444444111555555000222400222333511333121121525030030434 5 0 izquierda
444444111555555000333333333222222222000000444111111555 1 0 giraderecha
444444200555555550332333333225122440001002204111111321 82 0 giraderecha
444444201455155111333333033255224225000000320112112554 88 0 giraarriba
444444202555555510333333333222222125000000450111111441 47 0 giraizquierda
444444204555555321332333333412422025001002550111111200 81 0 izquierda
444444220455551301333333233522520540000200554111111221 124 0 giraizquierda
444444221455551554333333233200224555000200220111111301 123 0 giraarriba
444444222555551425333333333141220455000200250111111002 110 0 giraizquierda
444444244005555553111111331220005005333333400225221221 19 0 abajo
444444250555551002333333333421524501000200425111111222 111 0 giraizquierda
444444302055051222333333233555425125000200111114115420 119 0 giraizquierda
444444302555555425333333330241120120200200255111111420 104 0 izquierda
444444320455155554333333033222225545000000111112112201 91 0 giraderecha
444444420055051111333333233555522541000200302114115222 118 0 giraarriba
444444420555555255333333330100422211200200302111111425 105 0 giraderecha
444444421555555420333333333245222211000000202111111550 68 2 giraabajo
444444425555551222333333333554022141000200002111111250 108 2 giraarriba
444444441555555450333333333225222221000000202111111510 46 2 giraabajo
444444442550550355222222115433033033311311111002002550 6 0 izquierda
444444444555555555000000000111111111222222222333333333 1 0 derecha
444444444555555555111111111000000000333333333222222222 1 0 arriba
444444444555555555222222222333333333111111111000000000 1 0 arriba
444444444555555555333333333222222222000000000111111111 1 0 derecha
444444450555555441333333333122222522000000510111111202 48 0 giraizquierda
444444455551555344333333335022222222200000110111111005 10 0 giraizquierda
444444510555555004333333333222222222000000141111111455 21 2 giraabajo
444444522555555552333333333221022410000000442111111021 60 0 giraizquierda
444444552555555522333333333014220122000000021111111442 58 2 giraabajo
444444554455155320333333033545522222000000201112112111 89 0 giraderecha
444444555555555444222222222333333333111111000000000111 2 0 giraizquierda
444445441422555515211011255220200500033333333021021341 146 0 arriba
444555555555444444222222222333333333111000000000111111 2 2 giraizquierda
445442111355351220133433433045025455000200222311011254 121 0 giraabajo
445442222355351254133433433400524555000200220311011111 122 0 giraizquierda
445445254355351302033433433521524001000200425211211211 116 0 giraabajo
445445425355351211033433433055022141000200302211211254 117 0 giraizquierda
450150243253544352302120420130333131541202515440211504 210 2 giraizquierda
450150352253544243302120420131333031541202504440211515 212 0 giraderecha
450150504253544515302120420031333131541202243440211352 211 0 giraderecha
450450202145145343421401401010515535333333400222222115 40 0 derecha
451444444554152552300422111330333333202511511522002000 139 0 izquierda
452152552322440443400021041331333033552202500144511511 158 2 giraderecha
452402100525511511013420302033333332150440444421152552 169 0 izquierda
452540100525151511023420302033333332150411444421402552 178 2 giraabajo
455002000122111111200224555233333333022444444103155554 129 0 derecha
455155111444444201330333333522422552112112554000000320 94 0 giraderecha
455155554444444320330333333545522222112112201000000111 93 0 izquierda
455551301444444220332333333045025225111111221000200554 126 0 izquierda
503344410551552002150333332225224220403404103411111455 36 2 giraizquierda
504504504514514514140140140051051051333333333222222222 6 0 derecha
511222222433033033550550355244444444133111111220005005 15 0 arriba
511544044551553553223222225334334334241111112400000000 21 2 giraizquierda
512244444551553553051222223334334331512114112400000000 15 2 giraizquierda
513223223234233533442012551144100550200144144051051053 13 0 giraabajo
514055031345542252123404520015411353231033134200022414 232 0 giraizquierda
514055314345541031123404522253112044131333400200022255 227 0 izquierda
514055400345541255123404522012415423131333031200022314 228 0 giraizquierda
514055414345542134123404520513115043231033031200022252 231 2 giraarriba
515112044405202145031333131200022314342445352253051054 219 0 arriba
515220224134133533242212551344300350200144144113555000 12 0 giraabajo
515221221434033533342312351244200550200144144000555311 14 0 giraabajo
515222222334333333142112551444000550200144144350150150 11 0 arriba
515545131434454020232232252353224303000000535111111444 5 0 giraizquierda
515545444434454535232232252343520323000000131111111020 4 1 giraarriba
515555224144544444220200500211011255333333330143120120 144 0 izquierda
521032033003423350241000245115312553122143254454151044 253 0 giraarriba
521032254003423044241000245531511325122143350454151033 254 0 giraizquierda
521032350003423033241000245355213511122143044454151254 255 0 giraizquierda
522002000202511511143120120033333333451444444554152552 136 2 giraizquierda
523402100250511515103124403031333332421540244440152552 173 2 giraderecha
524050343253543351142120420132331134540105520240211504 205 2 giraizquierda
525033031203023250341200145015412353122143254014455414 252 2 giraarriba
525152052144443443203024400335331034321005022152511511 160 2 giraizquierda
525511511452402100203024310233333330421152552150440444 163 0 derecha
525525020434434131242242212303353353000000444111111555 2 1 giraarriba
525525424434434535242242252343353353000000111111111000 3 1 giraarriba
525525424434434535252242242353353343000000111111111000 11 1 giraarriba
525525444434434555242242212333550333000000131111111020 3 0 giraizquierda
525555000424444131252222242313533333000000444111111535 9 0 giraizquierda
525555535424444444252222242333133353000000000111111131 8 1 giraarriba
535131131424020020212212252343303303000555555111444444 4 0 izquierda
535230234124123513242202551344310350200144144113555000 18 0 arriba
535535111424424000252252252333444333000000535111111424 14 1 giraarriba
535535535424424424242252242353343353000000000111111111 7 1 giraarriba
535535535424424424252252252343343343000000000111111111 15 1 giraarriba
535545131454454050212232232323424303000000535111111424 13 0 giraizquierda
535545424454454535212232232343220343000000131111111050 12 1 giraarriba
541202504440211515200022314031333131253544243450150352 217 0 izquierda
544344305552552112331335330220224024402500500111111344 8 2 giraizquierda
544344355552552342331335334024224224102100000111111005 11 2 giraarriba
545525050414434131222242232303553323000000444111111535 10 1 giraarriba
545525444414434535222242232353250333000000131111111050 11 0 giraizquierda
545545111454454000232232232333222333000000545111111454 13 0 giraizquierda
545545454454454545232232232323323323000000111111111000 12 1 giraarriba
545545545454454454232232232323323323000000000111111111 14 0 giraizquierda
545555000454444111222222222333333333000000454111111545 9 0 giraizquierda
545555454454444545222222222333333333000000111111111000 10 0 giraizquierda
545555545454444454222222222333333333000000000111111111 8 1 giraarriba
550311550444002111511222222333333400002550442311444355 50 0 derecha
552002002344311311422122122033033533000444444155155155 14 0 arriba
552110112220200500422555515144544444330333333111224003 147 0 arriba
552112112344300300422022022133133533000555555144144144 2 0 giraarriba
552152552144440443011024400331333033322202500452511511 157 2 giraderecha
552300300344112112422022022335331331000144144144555555 6 0 derecha
552511511144202500011024400133333330322152552452440443 155 0 giraabajo
553444113244055200433033033122122522111200444055113055 61 0 arriba
554000000122311311111224555033233233022444444203555415 132 2 giraderecha
554002000451511511111224003033333333522444444202152552 135 2 giraizquierda
554152552451444444111224003333333033522002000202511511 151 0 derecha
554510510144302300111224500133133230322152552203544444 154 2 giraizquierda
555000000444111111222222222333333333000444444111555555 1 2 giraderecha
555000444444111555333333333222222222111555000000444111 17 0 arriba
555020424444131535222511222343303303020444111131555000 3 2 giraderecha
555030434444121525222004222313313353030444111121555000 3 2 giraderecha
555111111444000000222222222333333333000555555111444444 1 2 giraizquierda
555111444444000555222222222333333333000555111111444000 3 1 giraderecha
555131535444020424222511222303303343020555000131444111 7 0 izquierda
555200244144113553222222511334330330200144144113555000 3 2 giraderecha
555444000444555111222222222333333333000111444111000555 3 0 giraderecha
555444444444555555222222222333333333000111111111000000 2 2 giraizquierda
555535131454424000232252222333244313000000535111111444 6 1 giraarriba
555535535454424444232252222323143343000000000111111131 7 0 giraizquierda
555545111444454000232232232333222333000000555111111444 5 0 giraizquierda
555545444444454555232232232323323323000000111111111000 4 1 giraarriba
555545555444454444232232232323323323000000000111111111 6 0 giraizquierda
555551002444444250333333333105425124111111222000200425 113 0 derecha
555552421344344321033533533412422442111111550200000200 73 0 giraabajo
555552550344344200033533533444421222111111321200000421 74 0 giraizquierda
555555000444444111222004222333115333030030434121121525 7 0 izquierda
555555000444444111222222222333333333000000444111111555 1 0 giraizquierda
555555111444444000222222222333333333000000555111111444 1 0 giraderecha
555555200444444550333333233225122440111111204001002321 77 0 giraderecha
555555204444444321333333233412422025111111550001002200 76 0 giraderecha
555555321444444204333333233520224214111111200001002550 78 0 giraderecha
555555420444444421333333333112222542111111550000000202 72 0 izquierda
555555444444444555222222222333333333000000111111111000 2 0 giraizquierda
555555550444444200333333233044221522111111321001002204 75 0 giraarriba
555555555444444444000000000111111111333333333222222222 1 0 derecha
555555555444444444111111111000000000222222222333333333 1 0 abajo
555555555444444444222222222333333333000000000111111111 1 0 derecha
555555555444444444333333333222222222111111111000000000 1 0 izquierda
